1111111111111111111111111111111111111111111111111111
100000000000000000000000000000000000000000000000000000000001
1000000000000000000000000000000000000000000000000001
1000000000000000000000000000001111111100000000000001
100000000000000000000000000001        100000000000001
10000000000000000000000000000011111111000000000000001
100000000o000001100001110000111000111000000000000001
1000000000000000100000010000001000001000000000000001
1000000000000000100001110000111000001000000000000001
1000000000000000100000010000001000001000000000000001
1000000000000001110001110000111000001000000000000001
1000000000000000000000000000000000000000000000000011
10000000000000000000N0000000000000000000000000000001
1000000000000000000000000000000000000000000000000001
1000000000000000000000000000000000000000000000000001
1000000000000000000000000000000000000000000000000001
1111111111111111111111111111111111111111111111111111
